#' Complete list of palettes.
#'
#' Use names(PrettyColsPalettes) to return all palette names.
#'
#' @export
PrettyColsPalettes <- list(
  # sequential palettes
  Blues = list(c("#436f85", "#4c7d96", "#548ba7", "#6497b1", "#75a2ba", "#86aec2", "#97b9cb"),
               c(1, 2, 3, 4, 5, 6, 7),
               "seq",
               TRUE),
  Purples = list(c("#432263", "#502876", "#5d2f89", "#6a359c", "#773baf", "#8444c0", "#9057c6"),
                 c(1, 2, 3, 4, 5, 6, 7),
                 "seq",
                 TRUE),
  Tangerines = list(c("#de7a00", "#F28500", "#FF9B21", "#FFB04F", "#FFC47D", "#ffd6a3", "#ffe1bd"),
                    c(1, 2, 3, 4, 5, 6, 7),
                    "seq",
                    TRUE),
  Greens = list(c("#416322", "#4e7628", "#5a892f", "#679c35", "#74af3b", "#80c044", "#8dc657"),
                c(1, 2, 3, 4, 5, 6, 7),
                "seq",
                TRUE),
  Pinks = list(c("#860a4d", "#9e0c5b", "#b50e68", "#cd1076", "#e51284", "#ee2290", "#f03a9c"),
               c(1, 2, 3, 4, 5, 6, 7),
               "seq",
               TRUE),
  Teals = list(c("#004c4c", "#006666", "#008080", "#329999", "#66b2b2", "#99cccc", "#cce5e5"),
               c(1, 2, 3, 4, 5, 6, 7),
               "seq",
               TRUE),
  Yellows = list(c("#e6b400", "#E6C700", "#e8d119", "#ebd632", "#f0e066", "#f2e57f", "#f7efb2"),
                 c(1, 2, 3, 4, 5, 6, 7),
                 "seq",
                 TRUE),
  Reds = list(c("#B53737", "#BE5151", "#C76B6B", "#D08585", "#D99F9F", "#E3B9B9", "#ECD3D3"),
              c(1, 2, 3, 4, 5, 6, 7),
              "seq",
              TRUE),
  # diverging palettes
  PurpleGreens = list(c("#420f75", "#7640a9", "#ad72d6", "#e7a8fb", "#f5f5f5", "#99ce64", "#659a32", "#326812", "#033800"),
                      c(1, 2, 3, 4, 5, 6, 7, 8, 9),
                      "div",
                      TRUE),
  PinkGreens = list(c("#7f0038", "#c31e6e", "#ef5faf", "#fcaade", "#f5f5f5", "#99ce64", "#659a32", "#326812", "#033800"),
                    c(1, 2, 3, 4, 5, 6, 7, 8, 9),
                    "div",
                    TRUE),
  TangerineBlues = list(c("#552000", "#8a4d00", "#c17d17", "#f8b150", "#f5f5f5", "#93c6e1", "#5f93ac", "#2e627a", "#00344a"),
                        c(1, 2, 3, 4, 5, 6, 7, 8, 9),
                        "div",
                        TRUE),
  PurpleTangerines = list(c("#420f75", "#7640a9", "#ad72d6", "#e7a8fb", "#f5f5f5", "#f8b150", "#c17d17", "#8a4d00", "#552000"),
                          c(1, 2, 3, 4, 5, 6, 7, 8, 9),
                          "div",
                          TRUE),
  PurplePinks = list(c("#420f75", "#7640a9", "#ad72d6", "#e7a8fb", "#f5f5f5", "#fcaade", "#ef5faf", "#c31e6e", "#7f0038"),
                     c(1, 2, 3, 4, 5, 6, 7, 8, 9),
                     "div",
                     FALSE),
  TealGreens = list(c("#00393a", "#0a6969", "#2d9c9c", "#6dcfcf", "#f5f5f5", "#99ce64", "#659a32", "#326812", "#033800"),
                    c(1, 2, 3, 4, 5, 6, 7, 8, 9),
                    "div",
                    FALSE),
  PurpleYellows = list(c("#420f75", "#7640a9", "#ad72d6", "#e7a8fb", "#f5f5f5", "#F2E8C4", "#EED682", "#EAC541", "#E6B400"),
                       c(1, 2, 3, 4, 5, 6, 7, 8, 9),
                      "div",
                      TRUE),
  RedBlues = list(c("#B53737", "#C66969", "#D79C9C", "#E8CFCF", "#f5f5f5", "#93c6e1", "#5f93ac", "#2e627a", "#00344a"),
                  c(1, 2, 3, 4, 5, 6, 7, 8, 9),
                  "div",
                  TRUE),
  # qualitative palettes
  Bold = list(c("#6497b1", "#6a359c", "#FFB04F", "#679c35", "#cd1076"),
              c(1, 2, 3, 4, 5),
              "qual",
              FALSE),
  Dark = list(c("#436f85", "#432263", "#de7a00", "#416322", "#860a4d"),
              c(1, 2, 3, 4, 5),
              "qual",
              FALSE),
  Light = list(c("#97b9cb", "#9057c6", "#ffe1bd", "#8dc657", "#f03a9c"),
              c(1, 2, 3, 4, 5),
              "qual",
              FALSE),
  Neon = list(c("#ff9062", "#fd6598", "#cb64c0", "#3294dd", "#75fb8a", "#d0eb60"),
              c(1, 2, 3, 4, 5, 6),
              "qual",
              FALSE),
  Summer = list(c("#398db2", "#d8b31e", "#2c350b", "#829625", "#867112", "#5d761e",
                  "#6293a7", "#3e5a5e", "#ac5c05", "#ffa300", "#A47DB9", "#EC94CA"),
                c(1, 2, 3, 4, 5, 6, 7, 8, 9, 10, 11, 12),
                "qual",
                FALSE),
  Autumn = list(c("#774762", "#ba6e1d", "#d6bb3b", "#755028", "#f2dd78", "#205f4b",
                  "#913914", "#585854", "#f0a430", "#768048", "#800000", "#1b3a54"),
                c(1, 2, 3, 4, 5, 6, 7, 8, 9, 10, 11, 12),
                "qual",
               FALSE),
  Winter = list(c("#446c84", "#c0cbdc", "#746e6f", "#c6dcf0", "#596d80", "#B9BFFF",
                  "#a0c4e1", "#897340", "#e1e3e7", "#313c45", "#9ba7b2", "#CAE9F5"),
                c(1, 2, 3, 4, 5, 6, 7, 8, 9, 10, 11, 12),
                "qual",
                FALSE),
  Rainbow = list(c("#e51e32", "#ff782a", "#fda805", "#e2cf04", "#b1ca05", "#98c217",
                   "#779815", "#029e77", "#09989c", "#059ccd", "#3f64ce", "#7e2b8e"),
                c(1, 2, 3, 4, 5, 6, 7, 8, 9, 10, 11, 12),
                "qual",
                FALSE),
  Beach = list(c("#0e7c7b", "#17bebb", "#d4f4dd", "#d62246", "#4b1d3f"),
               c(1, 2, 3, 4, 5),
               "qual",
               FALSE),
  Fun = list(c("#134074", "#bfab25", "#4ea699", "#efb0a1", "#df2935"),
               c(1, 2, 3, 4, 5),
               "qual",
               TRUE),
  Sea = list(c("#86CB92", "#71B48D", "#404E7C", "#3a3559", "#260F26"),
             c(1, 2, 3, 4, 5),
             "qual",
             TRUE),
  Bright = list(c("#462255", "#FF8811", "#9DD9D2", "#046E8F", "#D44D5C"),
               c(1, 2, 3, 4, 5),
               "qual",
               FALSE),
  Relax = list(c("#4B3F72", "#CBB3BF", "#FFC857", "#119DA4", "#19647E"),
               c(1, 2, 3, 4, 5),
               "qual",
               FALSE),
  Lucent = list(c("#E01A4F", "#F15946", "#F9C22E", "#53B3CB", "#7DCFB6"),
                c(1, 2, 3, 4, 5),
                "qual",
                FALSE),
  Lively = list(c("#413C58", "#D1495B", "#EDAE49", "#00798C", "#003D5B"),
                c(1, 2, 3, 4, 5),
                "qual",
                FALSE),
  Joyful = list(c("#80A1C1", "#C94277", "#EEE3AB", "#274C77", "#5E8C61"),
                c(1, 2, 3, 4, 5),
                "qual",
                FALSE)
  )
